data for table 4 2022 Q1 "Table 4: Unemployment (strict definition) by Age Cohorts [LU1]
Quarter 1, 2021 Quarter 4, 2021 Quarter 1, 2022 Change
Total Total Total
Labour Labour Labour Qrti, 2022//Qrtl, 2022/
Age Unemployed! Force Rate |Unemployed| Force Rate |Unemployed| Force Rate | Qre4, 2021 | Qrtl, 2021
15-19 88,139) 1,239,043) 7.1 74,957 894,934) &8.4 61,558 | 1,049,896 | 5.9 -2.5 =1.2
20-24 405,042] 2,412,273) 16.8 361,411] 2,483,730) 14.6 446,100 | 2,444,192 | 18.3 3.7 15
25-29 280,883) 3,146,247) 8.9 329,393) 3,133,366) 10.5 245,513 | 3,114,423 | 7.9 -2.6 -1.0
30-34 197,173) 3,212,986] 6.1 88,746] 3,033,896) 2.9 112,541 | 3,194,756 | 3.5 0.6 -2.6
35-39 109,236] 2,463,309) 4.4 128,786| 2,406,613) 5.4 67,762 | 2,401,162 | 2.8 -2.6 -1.6
40-44 108,093) 2,070,069) 5.2 21,853] 2,059,961) 1.1 47,262 | 2,108,939 | 2.2 Ll -3.0
45-49 59,459) 1,641,344] 3.6 35,257| 1,696,494) 2.1 13,724 | 1,664,450 | 0.8 -1.3 -2.8
50-54 7,993| 1,188,672] 0.7 12,200] 1,249,659} 1.0 34,540 | 1,173,545 | 2.9 1.9 2.2
55-59 25,024 948,278) 2.6 3,213] 1,014,043) 0.3 10,058 | 1,038,396 1.0 0.7 -1.6
60-64 7,855 717,503) 1.1 0 743,736, 0.0 7,145 719,154 | 1.0 1.0 -0.1
Total 1,288,899/19,039,724| 6.8 1,055,816/18,716,433| 5.6 1,046,203|18,908,915| 5.5 (0.1) (1.3) "

table 4 Q2 data "Table 4: Unemployment (strict definition) by Age Cohorts [LU1]
Quarter 2, 2021 Quarter 1, 2022 Quarter 2, 2022 Change
Total Total Total
Labour Labour Labour Qrt2, 2022//Qrt2, 2022/
Age Unemployed Force Rate | Unemployed Force Rate |Unemployed Force Rate | Qrt1, 2022 | Qrt2, 2021
15-19 76,614 940,723) 8.1 61,558 1,049,896; 5.9 74,275 1,093,794 6.8 0.9 =13
20-24 385,191 2,446,538) 15.7 446,100) 2,444,192) 183 389,922 2,615,653 | 14.9 -3.4 -0.8
25-29 338,042 3,127,575] 10.8 245,513 3,114,423] 7.9 319,683 3,149,564 | 10.2 23 -0.6
30-34 143,316 3,211,554] 4.5 112,541 3,194,756] 3.5 110,037 3,102,934 3.5 0.0 -1.0
35-39 57,467 2,438,287| 2.4 67,762 2,401,162) 2.8 66,602 2,375,577 2.8 0.0 0.4
40-44 69,899 2,120,239) 3.3 47 262 2,108,939| 2.2 58,448 2,062,023 2.8 0.6 -0.5
45-49 37,599 1,688,302) 2.2 13,724 1,664,450/ 0.8 33,423 1,628,390 2a 13 =0.1
50-54 17,060 1,216,177| 1.4 34,540 1,173,545] 2.9 25,527 1,224,662 2.1 -0.8 0.7
55-59 38,714 1,025,438] 3.8 10,058 1,038,396 1.0 9,316 1,004,601 0.9 -0.1 -2.9
60-64 691 796,912| 0.1 7,145 719,154} 1.0 12,511 743,061 Ly 0.7 1.6
Total 1,164,592)19,011,744) 6.1 1,046,203 18,908,915) 5.5 1,099,742 )19,000,258) 5.8 0.3 (0.3)  "

table 4 Q3 data is "Table 4: Unemployment (strict definition) by Age Cohorts [LU1]
Quarter 3, 2021 Quarter 2, 2022 Quarter 3, 2022 Change
Total Total Total
Labour Labour Labour Qrt3, 2022/ |Qrt3, 2022/
Age Unemployed Force Rate | Unemployed Force Rate |Unemployed Force Rate | Qrt2, 2022 | Qrt3, 2021
15-19 76,337 776,925) 9.8 74,275 1,093,794 6.8 145,992 642,950 | 22.7 15.9 12.9
20-24 281,558 2,393,846] 11.8 389,922 2,615,653] 14.9 336,916 2,379,930 | 14.2 -0.7 2.4
25-29 297,502 3,223,259] 9.2 319,683 3,149,564] 10.2 213,127 3,206,704 6.6 -3.6 -2.6
30-34 188,291 3,112,573] 6.0 110,037 3,102,934 35 127,405 3,211,157 4.0 05 -2.0
35-39 87,844 2,431,934] 3.6 66,602 Pe doe AES 2.8 61,827 2,534,580 24 -0.4 -1.2
40-44 62,725 2,124,187] 3.0 58,448 2,062,023 2.8 28,794 2,207,701 1.3 -15 -1.7
45-49 22,686] 1,724,650] 1.3 33,423] 1,628,390] 2.1 59,604 | 1,745,338 | 3.4 13 2.1
50-54 12,837 1,223,788] 1.0 25,527 1,224,662 2.1 6,338 1,297,443 05 -1.6 -0.5
55-59 15,225 1,030,592) 15 9.316 1,004,601 0.9 19,639 1,088,300 1.8 0.9 0.3
60-64 0 698,554) 0.0 12,511 743,061 1.7 8,746 798,949 1.1 -0.6 1.1
Total 1,045,005 18,740,306) 5.6 1,099,742)19,000,258) 5.8 1,008,389)19,113,051) 5.3 (0.5) (0.3) "

table 4 Q4 data is "Table 4: Unemployment (strict definition) by Age Cohorts [LU1]
Quarter 4, 2021 Quarter 3, 2022 Quarter 4, 2022 Change
Total Total Total
Labour Labour Labour Qrt4, 2022/|Qrt4, 2022/
Age Unemployed Force Rate |Unemployed Force Rate |Unemployed Force Rate | Qrt3, 2022 | Qrt4, 2021
15-19 74,957 894,934] 84 145,992 642,950] 22.7 102,650 937,913 | 10.9 -11.8 25
20-24 361,411 2,483,730! 14.6 336,916 2,379,930) 14.2 424,474 | 2,720,443 | 15.6 1.4 1.0
25-29 329,393 3,133,366) 10.5 213,127 3,206,704} 6.6 186,560 3,183,615 5.9 -0.7 -4.6
30-34 88,746 3,033,896} 2.9 127,405 3,211,157} 4.0 93,847 3,140,882 3.0 -1.0 0.1
35-39 128,786 2,406,613} 5.4 61,827 2,534,580} 2.4 54,576 | 2,423,637 2.3 -0.1 -3.1
40-44 21,853 2,059,961) 1.1 28,794] = 2,207,701 13 46,515 2,131,875 2.2 0.9 1.1
45-49 35,257 1,696,494] 2.1 59,604 1,745,338] 3.4 22,215 1,719,163 13 -2.1 -0.8
50-54 12,200 1,249,659) 1.0 6,338 1,297,443) 0.5 16,496 1,295,015 13 0.8 0.3
55-59 3,213 1,014,043) 0.3 19,639 1,088,300) 1.8 5,788 1,071,583 0.5 -1.3 0.2
60-64 0 743,736] 0.0 8,746 798,949} 1.1 6,881 774,040 0.9 -0.2 0.9
Total 1,055,816|18,716,433| 5.6 1,008,389|19,113,051] 5.3 960,001/19,398,165| 4.9 (0.4) (0.7)  "
can you work with this data? let me know